1899937559
-636752411
1901278512
1291980541
482454615
1781767336
-1496491988
-1592932340
-1785486290
-1349250432
1226034371
-1042962979
662702268
-816962410
359470288
-718477183
-1952377929
-1481881936
-1305946903
-626583354
-831422797
114281789
-1222095825
238627222
-851428099
-1069830611
1375539835
-1536521285
-1495720883
1073700603
1687765406
-830748996
-1705400655
-1356133432
-1357078996
1571240872
-1179698876
844291502
-532425710
483268284
-1046148777
-1962529491
-142174320
1112153339
-1852595118
292254928
-69703626
-55581620
1685576633
-778303704
-1621743340
1769779472
-978821411
-845276449
584024081
680497705
-1951083267
1549323575
133367917
-108858196
-1526708234
1325302309
2049935487
-677065101
1411224349
17091680
169510477
711771754
-1339351860
1377139568
-1401453470
-1480941709
-1025102587
482351675
-763513665
177661829
796142258
449258727
-640459858
-5762528
-1016754385
1684382976
2005441673
1996338904
459942394
33522248
1755853491
-679304364
-1258973476
721960357
348509455
-363520554
-1515081356
1096324593
1085925004
281473973
368584555
-1563353731
754030366
235385376
