-2145408170
-2138115163
-2136901861
-2135222367
-2127760173
-2127304934
-2124237199
-2120312066
-2117313782
-2117093672
-2109273646
-2108777568
-2107103799
-2106113496
-2104304560
-2103997688
-2093811334
-2090440270
-2085852505
-2085266893
-2083220729
-2079122489
-2070841537
-2066683739
-2063299914
-2061561573
-2055517660
-2053262193
-2052163781
-2052019599
-2051737146
-2051680737
-2047497019
-2045764731
-2041619763
-2028893627
-2019961110
-2013066558
-2012412474
-2005266974
-2000156438
-1992619236
-1990789611
-1988024769
-1988015096
-1984604299
-1979187414
-1977345779
-1968672609
-1967887292
-1964988653
-1958348620
-1957731442
-1957143892
-1953326957
-1947881022
-1943931432
-1941688002
-1939683671
-1937622714
-1937218253
-1935144744
-1926143832
-1924876501
-1924793204
-1924207441
-1923463042
-1922954925
-1922911958
-1918621687
-1914963831
-1909861795
-1907381013
-1906428909
-1906038690
-1902258046
-1892724361
-1890475411
-1877641728
-1873416452
-1872588099
-1868162016
-1863905522
-1852033568
-1847975199
-1847171683
-1843219331
-1835274641
-1812656038
-1812509631
-1801843539
-1798081188
-1797045241
-1796705111
-1794746210
-1790941708
-1788810963
-1787061327
-1786234325
-1767144076
-1766020624
-1762458342
-1759664484
-1757352656
-1755693466
-1755353296
-1746492095
-1730656565
-1729795955
-1725722322
-1724846495
-1724338725
-1719419587
-1719041757
-1699333165
-1698896839
-1698297774
-1697558396
-1692302037
-1690105172
-1689540482
-1689059220
-1688589925
-1685451237
-1681371099
-1679173722
-1676189749
-1674444031
-1671795850
-1668713839
-1664272705
-1660405537
-1649696134
-1643329202
-1643088989
-1642816129
-1637315663
-1637073317
-1636200746
-1635138723
-1634006265
-1628792137
-1621576564
-1606731369
-1606240417
-1603355833
-1601741327
-1601591881
-1600774031
-1599207572
-1598038548
-1595479776
-1590451504
-1589120271
-1588927960
-1583935212
-1570738148
-1565176411
-1560907897
-1557052928
-1553836516
-1548591610
-1548391001
-1544792138
-1543303461
-1541300409
-1540078679
-1539473367
-1533683303
-1528954614
-1522736798
-1520322102
-1513866927
-1507227164
-1503352323
-1500135566
-1499682373
-1498129493
-1490932210
-1490845841
-1487229082
-1486199951
-1481312081
-1473153454
-1468468940
-1467564244
-1458909125
-1450799963
-1447273634
-1437600915
-1436439225
-1434262030
-1432564370
-1425499142
-1423258759
-1421631894
-1419971249
-1408755443
-1399499285
-1391881332
-1386381226
-1378129119
-1369399886
-1367939463
-1367028194
-1348532179
-1339101701
-1338961125
-1334761507
-1330518921
-1327330683
-1318827674
-1318141240
-1311150142
-1305085387
-1297637737
-1294796557
-1289839038
-1281251691
-1280445426
-1273692720
-1262416232
-1254085714
-1238126076
-1228640241
-1228596220
-1228110284
-1225171899
-1219327531
-1219023808
-1217207599
-1214418453
-1206143269
-1204152704
-1203479074
-1200518499
-1199101761
-1189959649
-1182372878
-1181330858
-1179547283
-1177620357
-1175565200
-1174317811
-1171228653
-1160664472
-1160618415
-1154240644
-1152020422
-1151906619
-1142381143
-1138766666
-1125491401
-1109177598
-1108930072
-1104729194
-1102415330
-1101089803
-1100952839
-1097757818
-1097413042
-1086569428
-1083825727
-1083369237
-1078342688
-1078166064
-1075153603
-1074784481
-1073693064
-1072156378
-1061327844
-1059707675
-1056385870
-1049571319
-1047879388
-1045301667
-1021870284
-1014228947
-1013508310
-1010852887
-1003598345
-999481835
-997092708
-994999141
-990822619
-989452690
-987643965
-971396431
-970784837
-970459689
-966312572
-964975342
-957626524
-940785583
-932088616
-929457348
-927594551
-918120468
-907689524
-906969908
-901073321
-900450168
-895744588
-885672889
-884658253
-883494181
-878169931
-871421016
-870966804
-859471387
-849052744
-839516078
-837012871
-833462828
-824799374
-823965265
-813275853
-811107474
-803042368
-798465917
-797087796
-795924960
-794962145
-794535659
-792204289
-791921614
-776785897
-773135729
-771597888
-766158152
-759713789
-757045355
-754527431
-745298744
-742882046
-742437489
-741940535
-735757945
-734786381
-723042939
-713397627
-706035524
-697399141
-695804999
-692450003
-689685188
-684391445
-683263306
-674241133
-671165106
-669745711
-659933770
-657910172
-651160919
-647210948
-640231696
-638216091
-638057276
-635620912
-634211699
-626138342
-621765642
-619273383
-614027470
-613919233
-609496230
-607091350
-602131657
-599111766
-594772527
-591090710
-582927373
-577550963
-576543359
-570691853
-569835527
-568213420
-567439212
-560994302
-551869489
-546871485
-544441611
-537578637
-533359334
-533175002
-532562514
-531771037
-525750971
-519927240
-518171192
-514075146
-513601435
-511111626
-510842363
-508763818
-505806810
-503846712
-498200755
-497311620
-491213084
-483810509
-477586049
-474301571
-469025966
-468211485
-461140892
-457841891
-437334778
-434144100
-429991646
-429214258
-415285486
-410627110
-403226525
-403221589
-399663582
-399578838
-397148223
-392878560
-384919171
-383410052
-375960807
-357675011
-356303642
-352726148
-351441914
-349807367
-349128847
-346597604
-343693380
-339920993
-336017549
-333951496
-325775150
-322664512
-321130179
-320727829
-313984566
-304869101
-301809040
-290861915
-284523825
-274936680
-265075382
-264020592
-263292449
-256171589
-252987926
-251877303
-250877611
-243023312
-239415951
-230066705
-210832474
-210447433
-205032690
-198135945
-196717663
-189526932
-187598293
-185467987
-179103222
-172650940
-167992580
-163886000
-163473659
-159018951
-152218351
-151592890
-142821049
-127959589
-118020222
-107931089
-106083566
-84237610
-71965642
-71627359
-70944751
-58302763
-55492298
-54386290
-48397621
-46602974
-42965022
-40822554
-36222660
-32578061
-23945159
-21329232
-21052592
-20328930
-19081118
-15880144
-15715474
-13539301
-1323743
-776788
4131622
7800737
12146405
14238339
16024834
16061970
24709452
25686550
25913604
28083109
35501513
41829324
58471935
61691689
65713616
68610967
70316805
74037345
81171307
84604054
85858913
87432730
95451682
102728875
118299437
120375682
136817756
137201239
145226620
150977303
161730359
162087104
163058527
165919270
174023593
174149732
179358569
187756403
188124330
189617089
189862606
192399057
193115792
193849717
197553467
198055725
200410127
201624842
204300660
209167489
210918310
213600864
218774360
219590581
220112078
222109819
222745280
226257630
226329883
226538430
237174318
238680862
260527911
264854062
268783816
289136543
289777726
291504346
302335106
303037922
306530880
311395581
312018857
313028566
313209433
314383555
316814486
321255432
321845708
325857655
326696788
340521929
360408332
362671772
364446552
369346949
370420209
370798714
372744302
372946256
377274669
381447950
383044555
391787319
392887699
393600103
398084179
398754703
408127567
413200395
414192864
416063599
418557422
420342483
427327154
427372324
429931678
430746719
435647391
436385611
436784944
440105360
443088069
445716320
449810733
451760947
457928220
459756648
471802149
481360524
482448892
483184105
489844179
500634237
504147540
504170993
509485344
510498522
513630923
516213279
518740037
521372149
522411274
523964161
529682844
538816723
539201672
540439306
541108862
543648871
544777666
568244046
570389382
571022333
571848457
574999952
575576573
576208123
581151865
598839719
599510995
609162832
617207791
619994676
621248389
623285268
625294285
630181549
634728484
636753426
639475299
640475465
642835883
645028147
645728383
647967315
656803179
657270416
658838542
665259627
666525961
670118167
679077482
681216243
682121899
683748218
690414248
692235065
706322262
714043509
718259361
726390116
728398129
733986570
739713188
742257223
750064640
751890332
752331450
754222962
754593518
756174840
756692452
760484864
761296105
762560506
766776823
768821001
772111666
784429742
785804133
786001401
787597914
793979026
794828109
811293077
821942028
824741881
837081727
843470558
846961299
848166474
856079957
857012997
858569504
861204173
862671690
862920631
869672708
870306553
873054604
878175935
884121251
890978458
891923279
896087048
897471404
903946694
909354984
918793457
918927480
921896745
922870045
932936043
966130760
970271694
977500269
997023747
999635639
1000668160
1000945143
1002921946
1004214413
1007669308
1007870033
1023069345
1025760488
1026208618
1029565606
1031723785
1032566898
1049472845
1050092669
1053059059
1054708666
1056842134
1058806884
1061844481
1066550611
1067878198
1070415868
1072946438
1073932248
1084058503
1088813085
1089781766
1091600908
1104442703
1105204068
1105452253
1112830990
1117896576
1126711346
1129912769
1130673043
1133501685
1134545966
1135465064
1142536991
1148257169
1152659572
1155595606
1164029566
1170464739
1172879698
1183279735
1195170654
1196414928
1198037354
1203883522
1205507060
1211782268
1212642463
1214840574
1222168944
1233700293
1237184924
1238716769
1249782683
1253379112
1254367812
1259238905
1264089027
1268868919
1272151372
1273048832
1282758419
1285732603
1289454048
1295925711
1295975999
1298854805
1304237394
1307786240
1310710995
1312196938
1315150694
1321130367
1329678037
1332521497
1333485794
1338399313
1342700123
1348900436
1353477315
1355660134
1356713661
1358996775
1359152782
1362834007
1369186705
1369256180
1369476451
1374667629
1376523405
1385659856
1387075859
1393265455
1401086252
1409471071
1411840032
1416486960
1418753024
1430860128
1433519200
1445244509
1452598588
1452669613
1458093508
1465793642
1469520755
1474664970
1475114231
1484410169
1488790203
1500864934
1501290706
1509512551
1509708168
1517162900
1517193073
1517484143
1519624336
1520510398
1525606681
1533680180
1537358575
1542643213
1547050573
1550412819
1551585002
1554562274
1562195801
1565565795
1566228922
1575249776
1582459363
1584969607
1586225436
1586890130
1588005621
1589577526
1593285100
1596302913
1598789178
1598993018
1601228968
1609057005
1624038135
1626257278
1628074353
1634907467
1641999346
1649483069
1655811565
1656893907
1673886509
1674399946
1676007681
1684911908
1688000263
1701693127
1708953683
1714245420
1721856161
1721873633
1722001518
1735372647
1758488520
1764247231
1764510617
1765869967
1767066448
1767708413
1769443761
1769520090
1772062039
1777415807
1777501272
1779269503
1783849093
1785577559
1786859264
1787148798
1787500309
1799064829
1799627259
1800609237
1800835961
1805516158
1812761657
1819429976
1826181783
1830030639
1830538699
1836167855
1839491767
1846983799
1856613808
1859365948
1868202086
1875604666
1875907693
1885328104
1886385339
1893328239
1895166194
1897368676
1898789246
1904573939
1916031446
1919674487
1920218076
1921191832
1931190351
1933552919
1935838739
1936639992
1937599927
1940049716
1942030083
1942510353
1946658619
1956905027
1964184750
1965925117
1967041885
1974262194
1977142654
1978051022
1987349525
1997021265
1998055891
2000435285
2008570915
2035218296
2036137111
2036188923
2040766287
2041213984
2047010350
2052232956
2052250577
2052326813
2053612288
2055471367
2058165330
2058367152
2060846833
2061554153
2084410287
2107194756
2115640680
2122943285
2123815592
2125591203
2126489679
2133820283
2136164841
2140938400
2141869308
2142347626
2145593859
