1875604666
-336017549
1091600908
416063599
1135465064
-1458909125
-1797045241
-837012871
-1013508310
-1228596220
-2127760173
-36222660
1800609237
-1367028194
-569835527
102728875
-544441611
303037922
289777726
-1473153454
-1790941708
1593285100
1787500309
786001401
-1225171899
1628074353
619994676
-1642816129
483184105
656803179
1920218076
451760947
2123815592
58471935
-1228110284
1445244509
1056842134
-1189959649
-1812656038
430746719
-55492298
-1204152704
-23945159
-1318141240
2053612288
-1217207599
509485344
617207791
-1386381226
-357675011
-1926143832
-2053262193
-918120468
1800835961
647967315
-1481312081
1787148798
1134545966
-1755693466
1805516158
772111666
-1692302037
161730359
-1660405537
28083109
-142821049
-1979187414
-927594551
-1010852887
-349128847
381447950
1830538699
-1160618415
-1289839038
226538430
516213279
-1924876501
369346949
-198135945
-15880144
-1498129493
1721856161
756174840
-239415951
843470558
-659933770
-1759664484
-265075382
1919674487
219590581
1411840032
-971396431
70316805
1264089027
-900450168
1566228922
-106083566
-1835274641
1058806884
436385611
85858913
621248389
-567439212
2136164841
-1988024769
-1125491401
1722001518
1721873633
-1171228653
571848457
-1746492095
-1311150142
-1688589925
-1078342688
1374667629
-741940535
1061844481
-533175002
510498522
639475299
-1045301667
1916031446
1148257169
1767708413
-766158152
-1689540482
-1219327531
1826181783
2061554153
-734786381
-349807367
1839491767
316814486
-1787061327
-397148223
728398129
540439306
313028566
-1557052928
-429991646
1072946438
1253379112
-1939683671
-1953326957
997023747
1624038135
-621765642
-301809040
-1083825727
726390116
-1565176411
1104442703
1295975999
2052232956
1676007681
-1391881332
-1160664472
679077482
909354984
-1957731442
-776788
-497311620
570389382
-2083220729
-871421016
420342483
1764510617
1369186705
-1724338725
-1668713839
392887699
-957626524
761296105
1130673043
-551869489
-2066683739
-531771037
1222168944
1268868919
-684391445
-1049571319
1777415807
-1924793204
1050092669
665259627
481360524
74037345
-994999141
-346597604
-84237610
-1419971249
571022333
-1762458342
2058367152
429931678
-1634006265
-322664512
427372324
-491213084
-2085266893
-1729795955
-1522736798
-1698896839
436784944
2058165330
878175935
-1421631894
1978051022
222745280
-474301571
321845708
1956905027
-118020222
1779269503
-1533683303
1362834007
-1990789611
340521929
718259361
-264020592
14238339
-1072156378
-1175565200
268783816
846961299
189862606
-1943931432
-71965642
-1643088989
-2063299914
1066550611
-932088616
1032566898
2142347626
118299437
-1767144076
-263292449
523964161
2115640680
-582927373
1596302913
873054604
-468211485
1500864934
1856613808
-1490845841
1254367812
377274669
-519927240
-792204289
321255432
-1280445426
-1078166064
-533359334
-2117093672
489844179
-2055517660
1338399313
1272151372
-189526932
-1437600915
-1922911958
-2013066558
1935838739
-2019961110
-811107474
-1937218253
187756403
739713188
1342700123
-1868162016
-824799374
-151592890
2141869308
1152659572
-577550963
-1152020422
-1941688002
1786859264
-1450799963
-167992580
1084058503
521372149
-839516078
1170464739
1233700293
-163473659
856079957
-2106113496
1452598588
443088069
-1553836516
-399663582
-697399141
575576573
-1719041757
-1228640241
1205507060
1875907693
-1528954614
-1637315663
1203883522
471802149
1767066448
-179103222
-671165106
977500269
163058527
1998055891
-1724846495
-757045355
150977303
-901073321
1054708666
857012997
306530880
-1794746210
136817756
198055725
-870966804
-895744588
-613919233
504170993
-1467564244
1026208618
-695804999
-1097757818
-384919171
630181549
-1863905522
-795924960
326696788
-256171589
1589577526
921896745
-706035524
-1992619236
-878169931
1073932248
-989452690
2000435285
932936043
204300660
-626138342
-1238126076
364446552
174149732
1285732603
-20328930
370798714
692235065
-990822619
-1425499142
-71627359
1517484143
-1725722322
-1935144744
1129912769
1735372647
-1199101761
-1408755443
1155595606
598839719
1582459363
1358996775
445716320
-1500135566
145226620
-1637073317
1673886509
-1922954925
1329678037
581151865
645028147
-1142381143
-1294796557
-1138766666
372744302
821942028
1946658619
-434144100
1031723785
1942030083
2060846833
-1847975199
1474664970
1369256180
-614027470
760484864
-1977345779
-1369399886
681216243
-970459689
-537578637
1565565795
197553467
325857655
1376523405
-1104729194
-2052163781
41829324
-2109273646
-1074784481
1401086252
670118167
-2041619763
-1635138723
1519624336
1885328104
-1434262030
1765869967
-735757945
1501290706
-1603355833
-351441914
1333485794
-966312572
-2103997688
756692452
-669745711
1307786240
-210832474
1282758419
-2145408170
811293077
1708953683
-403226525
1551585002
-163886000
-313984566
642835883
-21052592
1356713661
-1003598345
1089781766
193849717
1641999346
-638057276
1348900436
-2028893627
966130760
-1367939463
500634237
1714245420
-1487229082
1259238905
1830030639
-54386290
636753426
440105360
754222962
1550412819
-399578838
-1203479074
862920631
362671772
427327154
1237184924
-1649696134
-1327330683
-1334761507
-1560907897
-692450003
-859471387
-647210948
-1957143892
-1755353296
-1796705111
623285268
1023069345
-1543303461
1418753024
-1730656565
-1083369237
-339920993
398084179
-635620912
1070415868
2041213984
-1628792137
-325775150
-1907381013
200410127
1359152782
-999481835
1212642463
-1958348620
-127959589
-1847171683
-1924207441
1537358575
192399057
1893328239
-304869101
1598993018
625294285
-791921614
87432730
-640231696
1007870033
1764247231
-1436439225
-1520322102
-2012412474
-532562514
-1890475411
-1801843539
768821001
1937599927
398754703
2126489679
-1151906619
645728383
1312196938
518740037
634728484
657270416
-1330518921
750064640
-1059707675
-1214418453
-813275853
1575249776
-1179547283
2133820283
-1719419587
1007669308
-477586049
1172879698
-1378129119
25913604
2122943285
666525961
-1174317811
-823965265
-429214258
2145593859
1105204068
-2138115163
-602131657
1295925711
-657910172
1355660134
1626257278
-2108777568
-1698297774
1025760488
-1108930072
-2104304560
-619273383
891923279
1777501272
-591090710
-2117313782
658838542
-290861915
165919270
-1679173722
-776785897
918793457
-1399499285
1249782683
1164029566
-2051737146
-1606731369
1921191832
372946256
1868202086
897471404
1509512551
2140938400
1688000263
-1812509631
-651160919
-1086569428
393600103
-1061327844
-723042939
12146405
-343693380
-333951496
-250877611
1304237394
-560994302
-1338961125
1562195801
970271694
237174318
1859365948
137201239
1000668160
1416486960
1198037354
2008570915
754593518
-2047497019
922870045
2055471367
-1909861795
918927480
-1595479776
264854062
2107194756
-2052019599
-794962145
1525606681
1385659856
-2136901861
-19081118
-320727829
-1906038690
1488790203
65713616
-511111626
1509708168
-1757352656
1674399946
213600864
-1988015096
-2090440270
1898789246
-638216091
-987643965
1819429976
435647391
-1541300409
-32578061
-2005266974
-1699333165
-1685451237
-2085852505
1598789178
383044555
1353477315
-2045764731
-1447273634
538816723
95451682
1126711346
-1636200746
-503846712
-1872588099
-1681371099
-1589120271
-634211699
1601228968
1649483069
360408332
-2051680737
-461140892
544777666
-1539473367
-210447433
-1786234325
2052326813
-2135222367
-159018951
-1600774031
-1664272705
-1490932210
-1339101701
1133501685
-745298744
408127567
-1590451504
1655811565
-2061561573
-1503352323
61691689
2036137111
-1984604299
413200395
1554562274
539201672
-929457348
1088813085
-1097413042
-1014228947
222109819
762560506
-1947881022
-1281251691
260527911
-13539301
-508763818
188124330
682121899
1758488520
714043509
-48397621
84604054
174023593
576208123
1987349525
-58302763
162087104
-415285486
-1674444031
-437334778
-771597888
1465793642
-599111766
1315150694
-683263306
1289454048
1142536991
-1690105172
-1348532179
-403221589
-1101089803
574999952
-1102415330
706322262
-2093811334
-1964988653
609162832
-172650940
1214840574
1369476451
449810733
-1432564370
-742882046
1897368676
-1697558396
1974262194
1393265455
-483810509
-1788810963
-469025966
-794535659
-321130179
513630923
640475465
-251877303
25686550
238680862
-964975342
-514075146
1799627259
-152218351
-1181330858
752331450
-607091350
1196414928
189617089
529682844
-1468468940
-570691853
-1177620357
1049472845
-970784837
-1513866927
1211782268
418557422
1183279735
314383555
-15715474
-1606240417
-2127304934
1967041885
-803042368
-1588927960
370420209
-1056385870
-1877641728
312018857
-1073693064
-230066705
-410627110
1067878198
457928220
-356303642
-997092708
-1968672609
209167489
-1570738148
-1548591610
1520510398
-1544792138
1588005621
1997021265
-2107103799
-505806810
2125591203
568244046
482448892
2036188923
862671690
24709452
848166474
1609057005
2035218296
-205032690
-884658253
-1598038548
1940049716
1783849093
-107931089
-1689059220
-1047879388
742257223
1273048832
-759713789
201624842
302335106
-274936680
-375960807
1965925117
-518171192
-1923463042
1656893907
-352726148
1769443761
1409471071
414192864
858569504
-1918621687
-1499682373
-568213420
-797087796
2052250577
-609496230
541108862
1904573939
1452669613
784429742
-1182372878
459756648
-1219023808
1458093508
-1206143269
4131622
226257630
766776823
-1297637737
1117896576
1195170654
1886385339
-1937622714
-1873416452
-252987926
-383410052
1002921946
1895166194
2084410287
-1906428909
-883494181
1004214413
81171307
1772062039
-510842363
120375682
1469520755
-392878560
-1323743
-713397627
504147540
-1109177598
869672708
793979026
824741881
-1967887292
7800737
-798465917
1936639992
903946694
-1892724361
226329883
1785577559
1310710995
2047010350
1105452253
-187598293
313209433
-773135729
1433519200
1586890130
1547050573
35501513
-594772527
-1200518499
-674241133
-1671795850
-1852033568
218774360
1517162900
-185467987
-1075153603
220112078
-525750971
-1318827674
-196717663
-1621576564
-546871485
-284523825
-2070841537
311395581
884121251
-1902258046
-742437489
-754527431
-1643329202
-833462828
1931190351
289136543
-1599207572
-2124237199
1484410169
837081727
785804133
1332521497
1942510353
1634907467
391787319
210918310
794828109
1933552919
1112830990
-42965022
-1914963831
1387075859
-1423258759
1517193073
1238716769
-576543359
1542643213
-1262416232
1812761657
1846983799
890978458
1000945143
-40822554
-2079122489
751890332
1836167855
1298854805
179358569
-1305085387
68610967
861204173
-1486199951
-21329232
1053059059
-1507227164
1964184750
-907689524
870306553
-457841891
896087048
-1540078679
-1548391001
-906969908
1977142654
1533680180
-885672889
-1273692720
999635639
-513601435
291504346
1475114231
-1254085714
1586225436
-1766020624
-2000156438
1029565606
193115792
1684911908
-1100952839
522411274
-1154240644
1430860128
599510995
-940785583
-1601591881
-2120312066
-1676189749
-46602974
1584969607
-1583935212
-498200755
-70944751
-849052744
733986570
1701693127
-1843219331
787597914
-243023312
16024834
543648871
-1021870284
-689685188
690414248
-1798081188
-1601741327
16061970
1769520090
1321130367
683748218
1799064829
2040766287
