-442477037
-423314962
-1159743250
-1045201078
2110725213
1467889817
-955446357
461236961
-41407343
1156447080
-1810754552
-304499094
795435641
-1209526640
-1828541309
-753019754
-1005094115
-1815132405
-1220036801
183942504
-1122167473
565147441
1602716620
1352196614
704163287
-17992022
1858938770
496565655
153669345
-125446479
646037503
-1658538809
1547732885
-1086830744
-560484183
-865244536
-840418500
-1951888265
1749957132
417614327
417531952
247337813
-1662637022
1921013823
-1826940026
1441560539
1777886586
955308240
1365422387
1745478138
1589079734
-724103233
1921043265
-184025360
33668379
1328353389
-1344664894
2071658256
1688642114
-1231041407
-1530936705
1596718941
-1361374162
818203415
626593130
-122010280
889668244
286733426
-213964711
-1417625563
1936267209
1349687955
485476621
874036608
-756061975
1789699938
-1514315661
1655181726
-1384811770
1486744162
-633259397
-635810256
1552796329
971728794
-34812006
-883646938
200852085
-1929954161
873024916
-1391465324
-1395017641
1427694715
-1689237485
-103569615
-1503223920
-1498915179
563901502
-2128692448
-1933682432
-1679109662
-1655962803
-943786607
746045916
-782080879
-1092022429
-1412391162
-1292934154
183924358
-1581692385
264825275
385908137
1965905985
-1656680833
-95450626
1216609515
167766087
-1866843612
543579061
1142924487
-1949643615
2071637536
-799274517
-1676362834
370972127
1407627208
-1258943376
-705151259
1587450215
-636398293
-796596707
-1037515617
1255031617
1387890406
-806622215
-551408432
-756409312
1723639747
407402325
73821271
282808438
1998628676
922277171
-1450099405
-1400407688
1110120138
-1691584429
55804729
-351153254
1959492996
-2045142088
-565348439
-1187662468
-110133402
-1982937563
-1069165267
-1845675250
-1506488034
-1724463952
-858574747
-1935677789
1836604768
-1965277761
1939295947
1955925753
-329547734
1078757351
1174677187
1776680604
372516776
-1833242717
1180957919
-1336042409
44556734
-327461723
-835166401
1979912689
-976744422
-2109363319
1754943863
1499003526
-2035728981
-1541502879
910193726
165956807
-584824629
-1088311642
-1322699122
-704712920
-336378772
359222275
-283380823
134015490
819968076
-237651231
1726236642
1213822377
-2528121
-201347309
-1717668677
-738439146
-944731137
-1238828837
159919701
2083179149
-2033936955
843628660
-1982977706
-1841220152
1132344438
-2045798607
908586021
-426464848
2068676907
-1700788492
814227038
1179841655
715450668
1171749517
775636325
82809103
-1938209603
-1738809021
683707783
-883815477
68775640
-1186907447
874438158
437884950
1558038873
430613277
853252469
-1014584411
524113000
-168470273
584178652
-610908254
130725902
-1742673631
-146405967
-1798527714
-1717799254
947499600
1066687791
130925403
416361636
2079055001
-731632847
1500602175
549364895
-603188408
-5237351
432380591
1200679325
691259921
-1307695812
300635410
-641093675
751052276
-2143874415
623470559
-393310647
4712937
-1476372503
-2142290503
350075893
718071271
-81718636
-1219010329
1651741544
-2025393427
1453921278
-821299852
1696371070
-565241391
881075556
-2082376116
1127702953
1793396178
1288235925
594041968
-1931008859
-856247006
-1826430
1202302690
1346844605
1928994865
-1816234200
-1726847191
838582311
2051505412
438397814
-980175404
832083833
-740868794
519032367
-1915763835
-204702382
1836724648
796505050
-272768371
-1586558996
757325635
110751245
348572058
-235727121
1594553774
-748466938
2107627347
1368452273
322743570
1495821633
-271685787
1465173987
-37331384
432370099
-1886159680
-1746557842
-177563667
-859695056
1399285984
-2033974213
974217023
-1572237663
-588725353
1163683652
25649638
-718922991
1147539831
1664437740
343144102
-2044147125
-1175563656
-1196045850
72786011
-849583470
1220756991
-1849369850
1185466733
170409757
-1505367466
-1144018961
1584354318
-842420949
1690717143
-295509257
-1843979103
1079662773
1216950859
1472407589
-845024358
98994240
1987149664
-36193569
-1670797781
1718409650
-1407076665
-1327769698
1878551602
1321635968
1120862496
489874301
-1569642743
2010036201
1709211621
1680693770
-1500613347
-854889143
-862073632
509628000
-1329139866
1709449204
-153305302
-2121422177
125312255
1165671637
-1887301731
-328349755
551817395
1593262675
-773618856
-1426858353
-697812345
775565522
527730874
552417149
1687597352
1793262362
1721564203
-1514459859
1053662062
-1256588927
1296657874
1764941875
156997141
-1210257244
-1628278704
-639066916
312333061
-613275841
1063239754
-1729682008
-2002505836
-1853257598
1895458739
-743021213
1564486141
-551481599
1307031768
2114177033
-670816205
-568779597
-280210831
1276469547
718790253
1553536411
-679499039
1625362036
-641178767
1329126193
1792389637
-1561772691
356152981
598089319
2007761210
1135938439
-115137859
-700747447
-649931768
89816871
191740948
-1481915411
-2058420848
1698853060
-1279431086
-1744172634
-883060344
40733545
-2080203972
-1128439587
-1329272731
-1783576460
1986195595
-524678634
-826601944
-508687216
-967327609
-1439888351
1973652004
-350657574
-780096568
-1993732555
-718474101
-1495741539
1957782643
1773279520
266095713
627337205
-1918001056
1278853064
-1360296394
567089092
-799505621
534601221
-292016007
-1101675497
1456327912
118195473
567263421
-1647177756
1081801739
800889239
370531726
-2105956
-1342743934
119701999
-1589683626
-521594154
-1135772432
-1211521029
54708603
-1896870858
1477985007
-1064089259
708977093
1225229008
62855293
119849003
348896671
1635594085
-635045812
-953737867
776219564
-967417253
1270179520
-197378813
-1014797566
1014030299
75733826
722689753
896074211
1974232103
1684135416
1239058041
1016289735
-1965651679
1326286829
2090980424
-380392542
329773767
246921747
-1702125635
1364721891
2095182549
1516953222
382365280
-2044762225
1602257838
1595356677
753554740
-407325756
-464129864
-311433216
1730126653
905705583
-175175600
627290887
-250864129
-264775407
-2014421989
2033878486
-927400137
915014127
1221908507
1841152795
-536645871
1516046055
1547544822
-1888694513
1058842236
-1948896877
455296655
1831221717
245759285
-1719705098
76117833
-2027348468
-1159919609
-1596413736
-679504367
1338248938
-1030382964
-2070187000
1945737378
1888704493
-160526438
-377048242
-848775648
1193390183
-785574485
11467245
-654072753
-2049983530
1751901010
1567708764
371584691
1717829657
1197253638
1064777002
932511909
300833237
-1351342961
-737074321
223063624
1974209246
1932984848
-236840131
-1838023838
-303333200
-1847020549
350549719
183669385
947154669
-132489868
-323992368
-1271571478
-1661017662
-905456578
1456304914
409917300
-1247703492
1556154944
-1333774440
334337000
1194205132
983620903
1137018987
-1070926786
773150786
956170453
-318371737
-1538364648
1465893835
55325324
-1356761230
1542977221
40524813
1330900504
1844611484
-673266758
649038972
-657252966
-1209899437
1136337134
1414101782
-1160895623
-37583217
604294741
605219843
1060611656
408642021
494506506
1477830772
-1746479934
906948666
790000302
1798125623
1070251974
42907857
-123769629
-1586007120
-1286195847
-1400049491
-1148001875
1136293912
1385091707
1930830277
-1791898455
-726801594
1539830795
1820042064
-1579002734
-1674437444
368442091
1642550566
1585165886
1846602887
1695073939
993737127
356665616
-362254831
1384405428
-1687795585
-311698906
-1099362329
784798856
-1317089378
-261899685
345437321
543829294
-118111248
-1683622783
-752502079
1998998846
1500055939
-1396484108
1680123019
-1318467524
-664127272
1952512419
-1776431796
840847519
-1783581166
-346246494
22336921
-1962488594
364510997
140998463
597842616
1543965576
1309299018
266355956
366191372
1070422432
-1037901123
-464128586
-2121813824
-1033777195
-2092044752
853296068
-41375045
-462867806
-977629790
-1199877943
1389740893
-1163693619
-665078504
72434444
-96453964
-17415087
589303100
2100079139
-497513609
1642142794
584231578
452463069
-1883216704
-1755994803
1090917794
974255558
1028335852
-1257398197
-349301026
1831784346
-1244040833
-280423061
-438354097
566856762
-1344609184
560945096
-1197462068
787479622
-1294598221
2084101091
1718106319
-792662774
771398808
2099983504
1205090443
-1230128019
690407561
-783110553
-1434073306
14017466
1645949768
1060670241
1444135222
824508360
-1885788433
1957676597
-1651066473
-488445133
744836877
-683695119
-587360364
-1812075100
-694552526
867252056
764205598
-1338317134
644734528
-222566926
-1109017580
1548148350
-1597921274
-978229084
519090164
-313384721
1144817071
588006182
1812991928
-549153309
2067584538
1083945413
363193642
2097492889
215477636
2104599990
-616753885
635930261
121521643
-1459251936
-984774512
129828161
-2043245029
618369216
2100277274
331573335
255548565
-384037406
-2030339592
2092349276
-337379104
-1388642148
-1093829038
921507545
-1067009756
-1716966129
-901205592
1924493923
-910121435
1746872211
-1986433217
1130825425
1850143730
-405608069
1756179820
567632930
2103262334
-1211642465
1494143875
-1785470073
29223730
228242306
553016582
863515477
-1007239260
1785754883
367740876
1365220424
-105460972
1837464212
-2106505544
1283537909
-545011478
-306952961
-1314014171
-1107411877
1311818319
-986426660
1766214513
-70397426
1602668407
-228538749
669419676
-782100422
33145273
-2133022874
1647627661
-1409790118
238885709
-435910893
-1568568308
1182379164
-2061558501
-1948215243
-583658691
726014912
-578072929
-970759122
-539003117
-1744741489
-648336216
-457477571
-972757816
-1230803438
513702061
301755684
-409517498
553098069
-2084802276
1170830317
-1789938354
1349350561
-1895515755
667887484
570129632
-1239202089
1694426344
-2117834370
-708409654
577059836
1005085545
1545654415
-58219002
313822184
-112187682
-1299374976
-332183400
1878013372
-1825834887
1769434079
-694958377
361978717
1686607306
-1535440817
1201665424
-920454965
-1125059336
1687081919
434656339
1075245510
-38536504
-1795265277
-278241228
-1871179323
-1146558515
1666544389
2119481495
2116754484
-1710955776
-1184851354
-1623632399
-1738274357
-2140463951
2110506233
-768696847
-1923762689
631385695
508543952
-527901205
-43513615
-1663049071
1894556851
-1643020844
-1921282372
-829423398
1794077241
1895224189
1743020244
-1755647395
347036233
561522290
597835401
-968906524
424229860
1187142118
1768835670
1311933923
2064434048
-1695867838
-1477563237
-186055070
377514312
1344500333
-1134116627
581738294
2048244020
1685064858
-2002612872
951037600
-670885470
1635934830
251868919
42499543
994358021
-319959625
-207772819
-1456097977
-2019320660
884567439
1175853048
-297624855
-1982628930
-2099513417
911723334
-1132365387
1080279068
1635026372
712503847
1297403596
1527298159
536551589
-2129741611
1041092694
-563279185
-1803321931
1617733252
-138324482
28179072
1841105895
921843006
-86412763
-475799962
-541719287
-773539817
415830230
1467979598
-1967686163
-1434566173
-355485357
-858281815
1648924492
449364220
721069307
2073260328
457939422
67914653
914256288
-115394663
-2049677824
-35877976
-24931486
1835503611
-1765697412
-910990703
1220046380
1374264420
975805309
706017759
-1181280444
-65781322
-1294379211
-965723978
-1133991802
-1318208303
1144152529
-1262331032
-373223006
1626827947
1752789755
